0 1 0 0 7.0810 0.5000
1 1 0 0 6.8740 0.5000
2 1 0 0 70.2550 0.1250
3 1 0 0 6.3730 0.5000
4 1 0 0 7.3780 0.5000
5 1 0 0 6.0670 0.5000
6 1 0 0 6.9840 0.5000
7 1 0 0 6.3750 0.5000
8 1 0 0 6.6800 0.5000
9 1 0 0 6.1660 0.5000
10 1 0 0 6.4660 0.5000
11 1 0 0 6.2700 0.5000
12 1 0 0 7.0800 0.5000
13 1 0 0 8.3930 0.5000
14 1 0 0 6.5680 0.5000
15 1 0 0 6.6740 0.5000
16 1 0 0 7.9850 0.5000
17 1 0 0 7.7920 0.5000
18 1 0 0 6.2770 0.5000
19 1 0 0 7.8880 0.5000
20 1 0 0 6.4750 0.5000
21 1 0 0 6.4870 0.5000
22 1 0 0 7.0710 0.5000
23 1 0 0 6.6680 0.5000
24 1 0 0 7.4730 0.5000
25 1 0 0 6.1710 0.5000
26 1 0 0 6.7700 0.5000
27 1 0 0 7.0800 0.5000
28 1 0 0 6.2630 0.5000
29 1 0 0 6.5610 0.5000
30 0 0 1 100.1001 0.0000
31 1 0 0 56.2819 0.1250
32 1 0 0 6.3570 0.5000
33 1 0 0 7.9830 0.5000
34 1 0 0 6.1670 0.5000
35 1 0 0 6.4780 0.5000
36 1 0 0 6.2660 0.5000
37 1 0 0 7.0700 0.5000
38 1 0 0 98.3516 0.1250
39 1 0 0 6.4740 0.5000
40 1 0 0 6.0650 0.5000
41 1 0 0 6.1640 0.5000
42 1 0 0 6.0730 0.5000
43 1 0 0 7.3830 0.5000
44 0 0 1 100.0669 0.0000
45 1 0 0 7.5830 0.5000
46 1 0 0 6.3660 0.5000
47 1 0 0 6.1700 0.5000
48 1 0 0 7.2760 0.5000
49 1 0 0 7.4710 0.5000
50 1 0 0 6.6720 0.5000
51 1 0 0 6.5690 0.5000
52 1 0 0 6.5720 0.5000
53 1 0 0 65.8796 0.1250
54 1 0 0 6.1690 0.5000
55 1 0 0 8.0900 0.5000
56 1 0 0 6.6820 0.5000
57 1 0 0 6.6760 0.5000
58 0 0 1 100.0180 0.0000
59 1 0 0 7.7810 0.5000
60 1 0 0 6.9790 0.5000
61 1 0 0 6.0700 0.5000
62 1 0 0 8.2920 0.5000
63 1 0 0 6.4750 0.5000
64 1 0 0 7.1830 0.5000
65 0 1 0 1.3290 0.0000
66 1 0 0 7.7830 0.5000
67 1 0 0 6.0700 0.5000
68 1 0 0 6.4710 0.5000
69 1 0 0 7.3770 0.5000
70 1 0 0 6.8720 0.5000
71 1 0 0 6.5780 0.5000
72 1 0 0 6.2650 0.5000
73 1 0 0 7.3710 0.5000
74 1 0 0 6.6740 0.5000
75 1 0 0 6.0640 0.5000
76 1 0 0 6.8720 0.5000
77 1 0 0 6.2650 0.5000
78 1 0 0 7.8750 0.5000
79 1 0 0 6.3680 0.5000
80 1 0 0 7.5710 0.5000
81 1 0 0 7.2730 0.5000
82 1 0 0 6.8830 0.5000
83 1 0 0 6.4700 0.5000
84 1 0 0 98.6557 0.1250
85 1 0 0 7.5690 0.5000
86 0 0 1 100.0580 0.0000
87 1 0 0 6.2730 0.5000
88 1 0 0 6.2690 0.5000
89 1 0 0 84.2469 0.1250
90 1 0 0 6.2730 0.5000
91 1 0 0 6.7690 0.5000
92 1 0 0 6.7790 0.5000
93 1 0 0 6.0690 0.5000
94 1 0 0 6.0640 0.5000
95 1 0 0 6.9740 0.5000
96 0 1 0 0.3040 0.0000
97 1 0 0 6.3680 0.5000
98 1 0 0 7.3710 0.5000
99 1 0 0 7.4780 0.5000
100 1 0 0 6.6710 0.5000
101 1 0 0 6.2740 0.5000
102 1 0 0 6.6630 0.5000
103 1 0 0 8.2880 0.5000
104 1 0 0 7.1760 0.5000
105 1 0 0 7.5710 0.5000
106 1 0 0 7.3740 0.5000
107 0 1 0 1.6166 0.0000
108 1 0 0 6.2680 0.5000
109 1 0 0 6.7710 0.5000
110 1 0 0 6.8770 0.5000
111 1 0 0 10.2080 0.5000
112 0 1 0 6.4680 0.0000
113 1 0 0 7.6820 0.5000
114 1 0 0 12.1470 0.5000
115 1 0 0 7.0710 0.5000
116 1 0 0 6.6770 0.5000
117 1 0 0 9.2930 0.5000
118 1 0 0 8.3940 0.5000
119 1 0 0 7.5730 0.5000
120 1 0 0 7.9820 0.5000
121 1 0 0 7.4780 0.5000
122 1 0 0 6.6790 0.5000
123 1 0 0 7.8870 0.5000
124 1 0 0 7.0880 0.5000
125 1 0 0 6.8800 0.5000
126 1 0 0 7.6770 0.5000
127 1 0 0 7.8890 0.5000
128 1 0 0 6.9760 0.5000
129 1 0 0 84.9636 0.1250
130 1 0 0 6.5720 0.5000
131 1 0 0 7.2810 0.5000
132 1 0 0 7.3730 0.5000
133 1 0 0 7.1750 0.5000
134 1 0 0 7.2710 0.5000
135 1 0 0 6.4710 0.5000
136 1 0 0 7.6780 0.5000
137 1 0 0 8.1760 0.5000
138 1 0 0 8.8930 0.5000
139 1 0 0 7.2750 0.5000
140 1 0 0 7.5770 0.5000
141 1 0 0 7.1800 0.5000
142 0 1 0 1.2140 0.0000
143 1 0 0 7.4810 0.5000
144 1 0 0 7.2720 0.5000
145 1 0 0 6.4640 0.5000
146 1 0 0 6.5710 0.5000
147 1 0 0 6.6690 0.5000
148 0 1 0 0.3050 0.0000
149 1 0 0 7.3740 0.5000
150 1 0 0 7.1740 0.5000
151 1 0 0 7.4800 0.5000
152 1 0 0 6.7660 0.5000
153 1 0 0 7.3750 0.5000
154 0 1 0 1.2080 0.0000
155 1 0 0 7.1670 0.5000
156 1 0 0 71.9097 0.1250
157 1 0 0 8.6010 0.5000
158 0 0 1 100.0709 0.0000
159 1 0 0 62.1120 0.1250
160 1 0 0 7.5700 0.5000
161 1 0 0 64.4858 0.1250
162 1 0 0 7.9770 0.5000
163 0 1 0 6.0640 0.0000
164 1 0 0 6.9710 0.5000
165 1 0 0 7.4710 0.5000
166 1 0 0 6.9690 0.5000
167 1 0 0 7.5780 0.5000
168 1 0 0 7.6710 0.5000
169 1 0 0 7.5780 0.5000
170 1 0 0 7.0650 0.5000
171 1 0 0 7.9830 0.5000
172 1 0 0 6.7710 0.5000
173 1 0 0 7.4720 0.5000
174 1 0 0 7.4730 0.5000
175 1 0 0 7.6720 0.5000
176 1 0 0 8.0810 0.5000
177 0 0 1 13489.7656 0.0000
178 1 0 0 7.2630 0.5000
179 0 1 0 0.2010 0.0000
180 1 0 0 7.7770 0.5000
181 1 0 0 10.5080 0.5000
182 0 0 1 100.0682 0.0000
183 1 0 0 7.7760 0.5000
184 0 0 1 100.0678 0.0000
185 1 0 0 7.4740 0.5000
186 1 0 0 8.3860 0.5000
187 0 1 0 17.8918 0.0000
188 1 0 0 7.3760 0.5000
189 1 0 0 7.4730 0.5000
190 0 0 1 100.0632 0.0000
191 1 0 0 7.1850 0.5000
192 0 0 1 100.0131 0.0000
193 1 0 0 7.7780 0.5000
194 0 0 1 100.0950 0.0000
195 1 0 0 7.4850 0.5000
196 1 0 0 7.3740 0.5000
197 1 0 0 8.0860 0.5000
198 1 0 0 7.4760 0.5000
199 1 0 0 7.6810 0.5000
200 1 0 0 7.4710 0.5000
201 1 0 0 7.3810 0.5000
202 1 0 0 7.1700 0.5000
203 1 0 0 8.1790 0.5000
204 1 0 0 7.6720 0.5000
205 1 0 0 7.5850 0.5000
206 1 0 0 7.5750 0.5000
207 0 0 1 100.0290 0.0000
208 1 0 0 8.2890 0.5000
209 1 0 0 7.4840 0.5000
210 1 0 0 7.6780 0.5000
211 0 0 1 100.0599 0.0000
212 1 0 0 6.5720 0.5000
213 1 0 0 7.0660 0.5000
214 0 1 0 1.0140 0.0000
215 0 1 0 11.5422 0.0000
216 1 0 0 6.9750 0.5000
217 1 0 0 7.6750 0.5000
218 1 0 0 9.3980 0.5000
219 1 0 0 9.6040 0.5000
220 1 0 0 8.5920 0.5000
221 1 0 0 72.7656 0.1250
222 1 0 0 7.9780 0.5000
223 1 0 0 7.8750 0.5000
224 1 0 0 7.8800 0.5000
225 1 0 0 7.4720 0.5000
226 1 0 0 6.7740 0.5000
227 1 0 0 7.6760 0.5000
228 1 0 0 9.5990 0.5000
229 1 0 0 7.3780 0.5000
230 1 0 0 7.8870 0.5000
231 1 0 0 8.0990 0.5000
232 1 0 0 8.1960 0.5000
233 1 0 0 6.3890 0.5000
234 1 0 0 7.5860 0.5000
235 1 0 0 7.9840 0.5000
236 1 0 0 6.8870 0.5000
237 1 0 0 14.8680 0.3824
238 1 0 0 8.2990 0.5000
239 1 0 0 7.6930 0.5000
240 1 0 0 7.4900 0.5000
241 1 0 0 8.2890 0.5000
242 1 0 0 13.3460 0.4097
243 1 0 0 10.3050 0.5000
244 1 0 0 8.0840 0.5000
245 1 0 0 8.1040 0.5000
246 1 0 0 7.7800 0.5000
247 1 0 0 6.9810 0.5000
248 1 0 0 7.5820 0.5000
249 1 0 0 7.4810 0.5000
250 0 1 0 4.2460 0.0000
251 1 0 0 7.2820 0.5000
252 1 0 0 6.4730 0.5000
253 1 0 0 7.3770 0.5000
254 0 1 0 1.0110 0.0000
255 1 0 0 7.8870 0.5000
256 1 0 0 7.3740 0.5000
257 1 0 0 7.0780 0.5000
258 1 0 0 8.0980 0.5000
259 1 0 0 6.8820 0.5000
260 1 0 0 8.1880 0.5000
261 0 1 0 0.9100 0.0000
262 1 0 0 8.1870 0.5000
263 1 0 0 7.7790 0.5000
264 1 0 0 8.0860 0.5000
265 1 0 0 9.1880 0.5000
266 1 0 0 7.7890 0.5000
267 1 0 0 8.5870 0.5000
268 1 0 0 7.4740 0.5000
269 1 0 0 7.1750 0.5000
270 1 0 0 6.7810 0.5000
271 1 0 0 8.5900 0.5000
272 1 0 0 8.5850 0.5000
273 1 0 0 10.9180 0.5000
274 1 0 0 6.9790 0.5000
275 1 0 0 9.7120 0.5000
276 1 0 0 8.2870 0.5000
277 1 0 0 7.5910 0.5000
278 1 0 0 13.8410 0.3996
279 1 0 0 8.5930 0.5000
280 1 0 0 8.3960 0.5000
281 1 0 0 8.5010 0.5000
282 1 0 0 10.0120 0.5000
283 1 0 0 8.9030 0.5000
284 1 0 0 9.5060 0.5000
285 1 0 0 8.9940 0.5000
286 1 0 0 7.9010 0.5000
287 1 0 0 8.8920 0.5000
288 1 0 0 8.2060 0.5000
289 1 0 0 7.4900 0.5000
290 1 0 0 7.5860 0.5000
291 1 0 0 6.5830 0.5000
292 1 0 0 8.4930 0.5000
293 0 0 1 100.0160 0.0000
294 1 0 0 12.6490 0.4637
295 1 0 0 7.8880 0.5000
296 1 0 0 7.7860 0.5000
297 1 0 0 8.1910 0.5000
298 0 1 0 8.7970 0.0000
299 0 1 0 5.8660 0.0000
300 0 0 1 100.0910 0.0000
301 0 0 1 100.0690 0.0000
302 0 0 1 100.0520 0.0000
303 0 0 1 100.0640 0.0000
304 0 1 0 64.8260 0.0000
305 0 0 1 100.0080 0.0000
306 0 1 0 25.7810 0.0000
307 0 1 0 2.5750 0.0000
308 0 1 0 33.8190 0.0000
309 0 0 1 100.0890 0.0000
310 0 0 1 100.0980 0.0000
311 0 0 1 100.0790 0.0000
312 0 1 0 4.5820 0.0000
313 0 0 1 100.0850 0.0000
314 0 0 1 100.0340 0.0000
315 0 1 0 3.3710 0.0000
316 0 0 1 100.0780 0.0000
317 0 1 0 17.1740 0.0000
318 0 1 0 13.9520 0.0000
319 0 1 0 23.2690 0.0000
320 0 1 0 3.1530 0.0000
321 0 1 0 1.6260 0.0000
322 0 0 1 100.0980 0.0000
323 0 1 0 0.0030 0.0000
324 0 0 1 100.0490 0.0000
325 0 0 1 100.0300 0.0000
326 0 0 1 100.0570 0.0000
327 0 1 0 1.4280 0.0000
328 0 0 1 100.0230 0.0000
329 0 0 1 100.0760 0.0000
330 0 1 0 28.7830 0.0000
331 0 1 0 16.0400 0.0000
332 0 0 1 100.0930 0.0000
333 0 1 0 94.9640 0.0000
334 0 1 0 7.9280 0.0000
335 0 0 1 100.0590 0.0000
336 0 1 0 39.1620 0.0000
337 0 0 1 100.0790 0.0000
338 0 0 1 100.0190 0.0000
339 0 0 1 100.0660 0.0000
340 0 1 0 3.1670 0.0000
341 0 1 0 1.0480 0.0000
342 0 1 0 0.0070 0.0000
343 0 1 0 6.8280 0.0000
344 0 1 0 6.3160 0.0000
345 0 0 1 100.0630 0.0000
346 0 1 0 4.8000 0.0000
347 0 1 0 5.5110 0.0000
348 0 1 0 11.1870 0.0000
349 0 1 0 2.1500 0.0000
350 0 0 1 100.0600 0.0000
351 0 1 0 2.5440 0.0000
352 0 0 1 100.0230 0.0000
353 0 1 0 6.0030 0.0000
354 0 0 1 100.0510 0.0000
355 0 1 0 0.0060 0.0000
356 0 1 0 7.9450 0.0000
357 0 0 1 100.0550 0.0000
358 0 1 0 18.6130 0.0000
359 0 1 0 2.0390 0.0000
